steinb2.txt	238	4228	86	228	9633	156	238	6886	86	238	4820	86	208	18524	159
steinb1.txt	203	3327	83	206	7735	110	203	3600	83	203	2801	89	179	26536	142
steinb1.txt	238	5978	89	238	14546	89	238	9908	83	238	9147	89	202	45411	163
steinb1.txt	238	4569	83	230	9924	104	238	5803	83	238	9015	83	207	21125	134
steinb1.txt	238	2993	89	214	10961	127	238	6813	89	238	6098	83	188	24043	115
steinb1.txt	227	8870	83	214	11353	95	227	14082	83	227	8633	89	165	32351	136
steinb1.txt	228	1690	83	222	6403	112	228	5811	89	228	4027	89	195	29541	130
steinb1.txt	203	3577	83	206	14502	135	203	6685	89	203	3797	83	182	21993	122
steinb2.txt	218	218	1209	99	174	7443	117	218	2237	99	218	2384	99	175	20855	115
steinb2.txt	222	182	1905	86	187	8609	128	183	5504	86	186	2235	86	173	21072	130
steinb2.txt	253	210	1673	96	207	6682	96	210	2611	86	213	2456	86	192	23633	135
steinb2.txt	254	210	2721	96	210	9448	116	210	3700	86	217	2664	86	191	21636	149
steinb2.txt	263	228	1992	96	228	8434	86	228	4412	96	228	4757	86	200	28104	121
steinb2.txt	272	228	3391	86	224	7170	100	228	5350	86	228	6671	86	204	20468	120
steinb2.txt	271	228	2269	96	230	6174	143	228	3196	96	228	3372	96	200	14404	143
steinb2.txt	262	228	1875	86	223	6624	125	228	4715	96	228	3486	86	208	13977	143
steinb2.txt	253	202	1348	86	200	9799	107	202	4321	86	202	4518	96	177	44407	136
steinb2.txt	253	202	3237	96	201	12660	110	202	4986	86	202	4428	96	183	31541	113
steinb3.txt	264	208	3888	144	199	14961	183	208	14375	144	208	16236	144	183	74134	182
steinb3.txt	272	217	3458	144	217	12829	204	217	7647	144	217	6654	145	180	24539	173
steinb3.txt	265	217	3244	144	208	7341	153	217	8982	145	217	14461	144	184	31044	182
steinb3.txt	268	217	3916	144	217	8650	162	217	9697	145	217	9983	144	183	24467	173
steinb3.txt	271	217	6677	144	218	13300	200	217	12136	144	217	13547	144	174	40968	161
steinb3.txt	259	217	4266	145	208	12457	166	217	11760	144	217	11572	145	182	34266	175
steinb3.txt	259	217	7587	144	211	12921	155	217	18241	144	217	17842	144	181	38828	172
steinb3.txt	260	217	5171	144	212	12154	163	217	10062	144	217	9522	144	186	45407	186
steinb3.txt	261	217	2559	144	217	7175	156	217	8776	145	217	11852	144	180	30494	166
steinb3.txt	253	217	6705	145	204	15817	173	217	16389	144	217	13612	145	182	39603	176
steinb4.txt	286	186	8114	63	179	16477	130	186	21559	63	186	14724	63	135	29992	103
steinb4.txt	270	177	6060	63	165	14926	111	177	12717	68	177	8181	63	142	18197	139
steinb4.txt	276	141	2519	63	131	7004	109	141	4753	68	141	4484	68	119	31304	118
steinb4.txt	277	141	5437	63	138	16206	108	141	10121	63	141	5950	63	120	25914	96
steinb4.txt	311	196	4852	68	174	8151	109	196	11910	63	196	9109	68	144	28713	132
steinb4.txt	282	147	2520	68	142	7516	79	147	5588	68	147	3746	68	118	20454	118
steinb4.txt	314	196	4599	63	178	8468	114	196	13244	68	196	14268	68	140	31270	138
steinb4.txt	292	186	3855	63	178	8007	121	186	7563	68	187	6892	63	141	17203	137
steinb4.txt	286	178	2881	59	177	7127	109	177	5975	63	177	5401	63	145	21139	125
steinb4.txt	297	186	3420	68	173	7572	83	186	6645	68	186	5262	63	148	24840	148
steinb5.txt	308	167	6767	68	143	10970	111	167	17284	68	167	13969	68	121	36518	118
steinb5.txt	266	137	7156	72	137	12076	114	137	5919	72	137	4950	68	110	27037	106
steinb5.txt	270	157	4710	68	137	14014	113	157	7823	68	157	5758	72	107	28540	104
steinb5.txt	236	137	3717	72	143	11546	134	137	5076	68	137	4213	68	108	19314	105
steinb5.txt	238	123	3696	68	121	13029	100	123	5973	68	123	4538	68	99	21526	94
steinb5.txt	245	123	2881	67	123	8551	99	123	4431	67	123	3990	68	102	33836	98
steinb5.txt	247	147	6725	72	130	11817	82	147	6982	68	147	12571	72	116	27398	112
steinb5.txt	217	108	2552	63	108	8454	63	108	4320	63	109	4005	67	86	30188	82
steinb5.txt	273	167	4186	68	139	9148	110	167	8178	72	167	6957	68	121	29662	116
steinb5.txt	270	167	5820	72	145	9697	119	167	10952	72	167	18804	72	116	40886	112
steinb6.txt	281	168	3203	130	159	12766	154	168	9592	133	168	4651	130	152	38955	151
steinb6.txt	290	168	6712	130	160	21706	146	168	7851	130	168	6265	133	148	42089	146
steinb6.txt	266	158	2543	130	160	9044	147	158	4014	133	158	2904	130	148	31224	146
steinb6.txt	267	159	2887	134	157	8316	150	158	3982	133	158	3084	130	147	30092	146
steinb6.txt	255	168	2899	130	165	8184	142	168	4854	130	168	4000	133	156	31205	154
steinb6.txt	268	168	2717	133	159	9474	141	168	5512	130	168	4290	130	150	27629	148
steinb5.txt	255	147	6447	68	142	15350	125	147	10577	68	147	8559	68	112	38530	107
steinb6.txt	274	158	4194	133	164	13753	152	158	6388	130	158	4645	133	148	51899	147
steinb6.txt	281	168	5720	133	161	14737	138	168	9542	133	168	9084	130	154	58014	152
steinb6.txt	267	158	4306	130	158	15348	141	158	6435	130	158	6214	130	146	49301	142
steinb7.txt	384	331	6872	128	321	9615	143	331	11566	128	331	10125	128	287	44525	212
steinb7.txt	364	254	7277	112	249	23013	178	254	13013	112	261	12644	112	215	84107	204
steinb7.txt	402	311	8470	128	298	24457	177	311	22304	128	319	19775	112	258	69378	215
steinb7.txt	269	269	2798	131	269	13935	131	269	3365	131	269	3248	131	269	23663	131
steinb7.txt	374	285	7304	112	284	21052	137	285	15549	112	285	13186	112	248	69618	203
steinb7.txt	398	302	7961	112	290	21688	181	302	14667	112	310	18849	112	246	67000	206
steinb7.txt	342	269	7838	127	265	19994	160	269	11582	127	270	11064	112	231	60652	190
steinb7.txt	383	277	9594	128	282	22418	149	277	17707	112	277	14850	128	227	77497	200
steinb7.txt	368	269	6712	128	261	19758	140	269	13492	128	269	14051	127	226	82478	199
steinb7.txt	395	302	6854	128	288	20040	169	302	11815	112	302	8867	112	261	85228	235
steinb8.txt	401	343	17186	107	319	30271	192	343	39695	107	343	41488	107	282	71207	177
steinb8.txt	325	244	11204	111	231	19589	144	239	18811	111	255	20845	111	194	55581	173
steinb8.txt	353	286	9586	107	274	18048	171	280	20603	111	280	18214	111	230	54483	203
steinb8.txt	372	326	15843	107	312	21793	138	326	46163	111	326	45306	111	264	60938	160
steinb8.txt	396	333	13658	107	312	27767	175	333	32968	107	333	22845	107	259	64084	160
steinb8.txt	384	324	8732	111	311	18955	140	324	29546	107	324	18932	107	256	49469	194
steinb8.txt	371	307	6293	107	280	15330	159	307	28579	107	308	25422	107	244	58433	199
steinb8.txt	324	231	7814	107	235	17913	165	231	15355	107	248	11879	104	193	68687	175
steinb8.txt	398	333	16012	107	314	27052	184	333	39693	111	333	34175	111	271	73365	250
steinb8.txt	317	231	6779	107	226	16945	172	231	13076	111	234	12265	111	197	54372	180
steinb9.txt	388	303	9409	226	301	19235	228	303	15963	226	303	20887	226	271	138512	254
steinb9.txt	380	297	12324	226	292	32214	238	297	23260	226	304	21697	226	283	166259	264
steinb9.txt	377	303	10227	226	304	29780	242	303	19010	220	313	13570	220	280	129727	261
steinb9.txt	396	331	14878	221	328	26097	233	331	26490	226	331	18272	226	291	73141	265
steinb9.txt	374	285	8627	226	282	22882	258	285	19309	226	285	35908	221	259	175716	238
steinb9.txt	398	331	10108	220	324	26923	269	331	16101	221	331	22859	227	286	66189	251
steinb9.txt	363	297	5726	220	295	23556	245	297	12100	226	304	9235	220	278	97210	261
steinb9.txt	382	303	10755	226	305	25254	241	303	23460	227	303	22747	226	266	114394	246
steinb9.txt	368	312	6935	220	307	21386	255	312	22591	226	312	12999	220	280	80388	263
steinb9.txt	367	297	5726	226	295	25082	224	297	25132	226	297	25775	226	277	167152	262
steinb10.txt	424	272	7052	100	250	18083	124	272	15326	96	273	12555	103	213	50879	187
steinb10.txt	427	284	9433	107	264	27205	165	282	26768	105	283	14088	105	215	47428	196
steinb10.txt	419	284	7333	119	274	29002	164	284	18074	110	283	18058	111	229	56232	200
steinb10.txt	412	244	5535	111	233	24702	149	243	18898	99	244	13788	101	198	55585	189
steinb10.txt	450	282	9175	111	270	21648	189	282	21815	100	282	13971	91	221	48283	206
steinb10.txt	353	202	6608	113	197	18364	130	203	13035	113	209	13326	118	170	38262	162
steinb10.txt	386	232	6698	108	228	15685	175	230	7760	111	236	6936	115	204	53757	191
steinb10.txt	420	273	11221	117	243	20760	174	273	19780	108	272	12929	95	220	43129	182
steinb10.txt	417	278	9615	119	264	20049	175	272	16463	96	273	11669	119	220	48175	194
steinb10.txt	376	226	7787	122	218	16737	162	219	10098	110	223	6343	103	185	37509	152
steinb11.txt	347	188	7875	119	185	22216	127	189	10054	122	190	10068	119	168	67401	154
steinb11.txt	377	208	8149	98	215	19473	165	208	9128	107	208	14773	101	180	59852	169
steinb11.txt	353	222	6014	102	209	20177	119	220	10629	102	220	10649	109	189	50822	181
steinb11.txt	324	192	7936	101	186	14465	141	192	10204	104	199	8098	110	170	69341	170
steinb11.txt	389	220	9695	107	217	23255	158	222	18951	112	224	12624	123	188	66681	170
steinb11.txt	349	214	6897	106	218	19956	125	216	15090	111	216	19130	103	180	66544	171
steinb12.txt	405	254	11549	187	261	21572	203	253	12693	184	253	10430	185	220	71899	218
steinb12.txt	411	238	6940	184	243	23230	202	238	11634	181	240	10672	197	213	64990	209
steinb12.txt	406	238	7983	185	238	23139	213	238	17738	185	240	10885	183	215	91845	213
steinb12.txt	391	223	7117	183	225	33234	200	221	13782	184	221	10236	183	201	82876	199
steinb12.txt	405	255	8087	186	240	20723	221	253	14190	189	254	18034	181	222	59691	220
steinb12.txt	440	259	9097	187	253	20615	225	253	19437	185	253	21027	182	225	91438	223
steinb13.txt	421	421	3344	198	421	11248	198	421	2326	198	421	2330	198	278	55663	220
steinb13.txt	487	487	3125	199	355	24624	232	487	2798	199	487	2751	199	327	56507	236
steinb13.txt	551	431	9574	189	432	18651	223	430	13797	189	441	17901	189	365	70550	308
steinb13.txt	516	386	7883	189	387	15510	242	386	7846	189	402	7297	189	333	72753	296
steinb13.txt	525	421	12886	189	425	30085	233	421	31389	189	429	22766	189	360	94429	296
steinb13.txt	558	481	16274	198	477	25819	194	480	31329	189	480	32622	189	412	72197	290
steinb14.txt	485	374	13068	250	373	22015	250	374	31022	243	376	23681	251	337	182414	311
steinb14.txt	544	443	10693	251	431	25041	262	443	17982	250	448	17994	254	378	113130	312
steinb14.txt	516	409	9285	250	412	25247	305	409	16057	250	413	18421	255	359	139801	313
steinb14.txt	532	401	11956	243	401	26596	274	401	13833	254	411	13635	254	348	171503	317
steinb14.txt	527	435	10908	254	427	22534	320	433	19887	251	442	20119	254	385	110714	320
steinb14.txt	548	453	15023	255	439	27778	294	453	31602	254	453	29758	243	392	118073	299
steinb18.txt	545	352	17090	232	337	32812	282	338	34579	225	338	46276	227	279	154028	273
steinb18.txt	535	329	21496	239	321	39388	259	319	35834	222	320	27030	226	272	110005	265
steinb18.txt	563	356	25492	241	340	52428	260	338	41851	231	338	34576	222	276	138197	269
steinb18.txt	527	348	22399	241	322	43132	268	338	34320	226	340	41203	236	280	125765	271
steinb18.txt	592	341	23092	228	352	52238	281	341	41538	226	338	33177	228	275	118306	268
steinb18.txt	577	359	27427	236	326	50202	277	337	40546	226	337	34377	225	284	153267	278
steinb1.txt	256	208	3981	83	203	6970	89	208	9123	83	210	5316	83	176	30352	115
<<<<<<< Updated upstream
Steinb1.txt	249	219	793.784	89	216	2679.43	90	219	1509.09	89	221	1658.27	89	199	6957.82	121
Steinb1.txt	281	228	1026.73	89	219	2218.11	107	228	1897.22	89	228	1995.22	89	189	7336.1	128
Steinb1.txt	285	228	830.368	83	229	2507.42	103	228	2287.07	83	228	1650.5	83	184	7046.96	128
=======
Steinb2.txt	252	252	2450	89	Steinb2.txt	259	210	2908	96	Steinb2.txt	257	210	2012	96	Steinb2.txt	223	171	2246	86	Steinb2.txt	221	177	1592	96	Steinb2.txt	252	210	1700	86	Steinb2.txt	243	202	2355	96	Steinb2.txt	278	228	3622	96	Steinb2.txt	261	202	2760	86	Steinb2.txt	218	171	2979	86	Steinb2.txt	255	219	2015	86	Steinb2.txt	255	219	3290	96	Steinb2.txt	225	174	3819	86	Steinb2.txt	227	189	2129	86	Steinb2.txt	270	228	2855	86	Steinb2.txt	228	177	2632	86	Steinb2.txt	263	219	1886	96	Steinb2.txt	241	202	1486	96	Steinb2.txt	268	210	2200	86	Steinb2.txt	272	238	5148	86	Steinb2.txt	242	195	2652	86	Steinb2.txt	274	238	3750	96	Steinb2.txt	244	189	2367	86	Steinb2.txt	280	238	3532	86	Steinb2.txt	257	210	2118	96	Steinb2.txt	255	255	2345	119	Steinb2.txt	217	171	3200	86	Steinb2.txt	263	210	2412	96	Steinb2.txt	265	202	2602	96	Steinb4.txt	187	187	1624	103	Steinb4.txt	294	162	3352	72	Steinb4.txt	291	186	3885	68	Steinb4.txt	254	124	3483	68	Steinb4.txt	325	196	6894	68	Steinb4.txt	284	168	4396	68	Steinb4.txt	276	186	4812	63	Steinb4.txt	289	289	3012	116	Steinb4.txt	243	129	3750	68	Steinb4.txt	283	168	5218	63	Steinb4.txt	228	122	4447	63	Steinb4.txt	225	126	3585	63	Steinb4.txt	288	197	5536	67	Steinb4.txt	280	168	2803	68	Steinb4.txt	280	147	4699	63	Steinb4.txt	246	149	3452	63	Steinb4.txt	256	161	2947	68	Steinb4.txt	273	168	3576	63	Steinb4.txt	242	114	2030	63	Steinb4.txt	269	177	3086	68	Steinb4.txt	262	129	2136	68	Steinb4.txt	241	128	2475	63	Steinb4.txt	259	161	2460	68	Steinb4.txt	201	119	1773	63	Steinb4.txt	275	161	2576	63	Steinb4.txt	257	154	2173	63	Steinb4.txt	297	187	2779	65	Steinb4.txt	285	196	3504	63	Steinb4.txt	305	196	4431	68	Steinb4.txt	284	186	4159	63	Steinb4.txt	281	177	3085	68	Steinb4.txt	274	157	2576	66	Steinb4.txt	276	168	2676	63	Steinb6.txt	255	158	3407	133	Steinb6.txt	283	158	2489	130	Steinb6.txt	275	158	2356	130	Steinb6.txt	264	158	2337	133	Steinb6.txt	275	158	2955	130	Steinb6.txt	267	153	4085	130	Steinb6.txt	227	141	3239	127	Steinb6.txt	266	168	3462	130	Steinb6.txt	278	168	2732	133	Steinb6.txt	274	158	2529	130	Steinb6.txt	274	168	2539	130	Steinb6.txt	291	168	3334	130	Steinb6.txt	270	168	5286	133	Steinb6.txt	294	159	5122	131	Steinb6.txt	249	148	4203	133	Steinb6.txt	262	168	3463	130	Steinb6.txt	297	168	3222	133	Steinb6.txt	287	158	3389	130	Steinb6.txt	267	158	3749	133	Steinb6.txt	268	168	4430	130	Steinb6.txt	272	169	3046	131	Steinb6.txt	274	154	2591	136	Steinb6.txt	273	168	2463	133	Steinb6.txt	272	148	2590	133	Steinb6.txt	278	158	2333	130	Steinb6.txt	261	168	2545	133	Steinb6.txt	285	158	2342	130	Steinb6.txt	256	143	2795	130	Steinb6.txt	247	168	3531	130	Steinb6.txt	234	143	4354	133	Steinb6.txt	251	168	5749	130	Steinb6.txt	251	158	3436	133	Steinb6.txt	264	158	4644	133	Steinb6.txt	293	158	4741	133	Steinb6.txt	261	168	4085	133	Steinb6.txt	283	168	3390	133	Steinb6.txt	252	168	3991	133	Steinb6.txt	285	168	4639	133	Steinb6.txt	269	153	2993	133	Steinb6.txt	271	148	3436	130	Steinb6.txt	246	158	2596	130	Steinb6.txt	274	168	2477	133	Steinb6.txt	282	168	3133	133	Steinb6.txt	275	159	3906	136	Steinb6.txt	259	158	3777	130	Steinb6.txt	252	153	3378	130	Steinb6.txt	256	153	3880	130	Steinb7.txt	372	311	7157	127	Steinb7.txt	381	331	4152	127	Steinb7.txt	419	341	4905	127	Steinb7.txt	378	311	3853	112	Steinb7.txt	310	233	3352	128	Steinb7.txt	363	285	3117	127	Steinb7.txt	334	224	6753	112	Steinb7.txt	409	341	7611	127	Steinb7.txt	391	331	7409	127	Steinb7.txt	355	269	7238	112	Steinb7.txt	358	262	6463	112	Steinb7.txt	378	302	5490	127	Steinb7.txt	310	206	5593	112	Steinb7.txt	389	311	3451	128	Steinb7.txt	276	201	4776	112	Steinb7.txt	360	277	4640	128	Steinb7.txt	381	331	4034	127	Steinb7.txt	369	311	3779	127	Steinb7.txt	425	341	5561	128	Steinb7.txt	380	331	6562	127	Steinb7.txt	300	207	4121	127	Steinb7.txt	347	262	3304	112	Steinb7.txt	397	341	7461	127	Steinb7.txt	328	233	5745	112	Steinb7.txt	382	321	7791	128	Steinb7.txt	350	255	5991	112	Steinb7.txt	418	341	6349	112	Steinb7.txt	417	331	4759	112	Steinb7.txt	397	293	3579	112	Steinb7.txt	387	302	3862	128	Steinb7.txt	415	331	5819	112	Steinb7.txt	416	321	7178	128	Steinb7.txt	409	341	6770	112	Steinb7.txt	386	293	3277	112	Steinb7.txt	412	341	7460	112	Steinb7.txt	396	331	5777	128	Steinb7.txt	349	270	5640	127	Steinb7.txt	325	236	4497	128	Steinb7.txt	389	293	3932	112	Steinb7.txt	366	285	3499	127	Steinb7.txt	380	302	3454	112	Steinb7.txt	405	331	4115	127	Steinb7.txt	375	341	8621	128	Steinb9.txt	354	291	9813	220	Steinb9.txt	394	321	12496	221	Steinb9.txt	395	321	11789	226	Steinb9.txt	389	321	8070	226	Steinb9.txt	391	331	10965	226	Steinb9.txt	401	321	13290	227	Steinb9.txt	379	291	13998	221	Steinb9.txt	395	321	14863	221	Steinb9.txt	371	297	5263	220	Steinb9.txt	401	303	11508	226	Steinb9.txt	373	321	10123	220	Steinb9.txt	407	321	13543	220	Steinb9.txt	388	312	13569	227	Steinb9.txt	381	321	11400	227	Steinb9.txt	374	303	10158	220	Steinb9.txt	357	312	8244	220	Steinb9.txt	384	321	9964	226	Steinb9.txt	390	303	8744	226	Steinb9.txt	377	312	5498	220	Steinb9.txt	356	291	7668	226	Steinb9.txt	397	331	9968	220	Steinb9.txt	396	303	9070	226	Steinb9.txt	405	331	8608	221	Steinb9.txt	406	321	10296	227	Steinb9.txt	380	303	13852	226	Steinb9.txt	367	279	12859	227	Steinb9.txt	379	321	11466	227	Steinb9.txt	392	331	15590	221	Steinb9.txt	371	297	10243	220	Steinb11.txt	305	182	8165	104	Steinb11.txt	401	228	10570	113	Steinb11.txt	388	232	8171	125	Steinb11.txt	386	228	6621	103	Steinb11.txt	372	229	9902	122	Steinb11.txt	364	232	12219	100	Steinb11.txt	366	220	8075	111	Steinb11.txt	365	187	8822	110	Steinb11.txt	363	205	5700	101	Steinb11.txt	369	222	5581	113	Steinb11.txt	366	214	5527	103	Steinb11.txt	381	232	10651	112	Steinb11.txt	353	210	6613	111	Steinb11.txt	373	237	9363	103	Steinb11.txt	349	204	5772	104	Steinb11.txt	351	199	9302	129	Steinb11.txt	322	175	5563	114	Steinb11.txt	391	239	10112	113	Steinb11.txt	403	239	9501	117	Steinb11.txt	380	222	6915	105	Steinb11.txt	391	221	6226	107	Steinb11.txt	338	196	5059	115	Steinb11.txt	327	208	4617	100	Steinb11.txt	381	233	7014	122	Steinb11.txt	367	219	11161	115	Steinb11.txt	380	225	11986	128	Steinb11.txt	394	220	7782	103	Steinb11.txt	387	236	7489	112	Steinb11.txt	350	188	5506	121	Steinb11.txt	377	223	12010	118	Steinb11.txt	381	228	11560	113	Steinb11.txt	354	221	8864	109	Steinb11.txt	381	238	12723	102	Steinb12.txt	414	253	7005	182	Steinb12.txt	428	246	8474	186	Steinb12.txt	415	258	7747	191	Steinb12.txt	421	259	7262	194	Steinb12.txt	400	247	7319	191	Steinb12.txt	436	253	10978	185	Steinb12.txt	407	232	7982	191	Steinb12.txt	408	256	10305	199	Steinb12.txt	408	249	7832	191	Steinb12.txt	413	243	8325	190	Steinb12.txt	409	255	14980	190	Steinb12.txt	418	259	16406	193	Steinb12.txt	411	256	9641	192	Steinb12.txt	400	243	13397	192	Steinb12.txt	419	254	10544	183	Steinb12.txt	394	256	9011	186	Steinb12.txt	376	228	10077	191	Steinb12.txt	384	221	11363	199	Steinb12.txt	416	254	10105	189	Steinb12.txt	428	254	6632	185	Steinb12.txt	409	241	6577	186	Steinb12.txt	393	253	5673	189	Steinb12.txt	448	257	7720	188	Steinb12.txt	417	255	8030	184	Steinb12.txt	402	253	12938	181	Steinb12.txt	408	261	14415	199	Steinb12.txt	409	247	10780	188	Steinb12.txt	404	247	7782	187	Steinb12.txt	408	255	10938	181	Steinb12.txt	413	250	9790	195	Steinb12.txt	417	246	10001	183	Steinb12.txt	429	260	11476	186	Steinb12.txt	412	255	8772	184	Steinb12.txt	444	259	10766	199	Steinb13.txt	556	470	11593	189	Steinb13.txt	518	394	9585	189	Steinb13.txt	564	450	13672	189	Steinb13.txt	544	460	12437	189	Steinb13.txt	560	480	16180	189	Steinb13.txt	551	470	12713	189	Steinb13.txt	587	480	18228	189	Steinb13.txt	500	347	12034	189	Steinb13.txt	545	440	8798	189	Steinb13.txt	564	450	13405	189	Steinb13.txt	547	460	13969	189	Steinb13.txt	532	421	8710	189	Steinb13.txt	580	480	18889	189	Steinb13.txt	509	362	8209	189	Steinb13.txt	552	460	13101	189	Steinb13.txt	576	480	14574	189	Steinb13.txt	540	480	10367	189	Steinb13.txt	542	422	6084	194	Steinb13.txt	554	450	7508	189	Steinb13.txt	485	363	5104	189	Steinb13.txt	555	470	8195	189	Steinb13.txt	532	430	7199	189	Steinb13.txt	531	411	9914	189	Steinb13.txt	537	480	22260	189	Steinb13.txt	507	386	7772	189	Steinb13.txt	481	355	11039	189	Steinb13.txt	562	470	17486	189	Steinb13.txt	539	421	11140	189	Steinb13.txt	479	479	4877	205	Steinb13.txt	536	450	7644	189	Steinb13.txt	505	396	8843	184	Steinb13.txt	550	432	14796	187	Steinb13.txt	553	431	9114	189	Steinb13.txt	539	450	8854	189	Steinb13.txt	513	369	12153	189	Steinb13.txt	559	450	12033	189	Steinb15.txt	536	443	16890	333	Steinb15.txt	548	452	15893	336	Steinb15.txt	539	444	11406	334	Steinb15.txt	553	462	16130	336	Steinb15.txt	517	452	8184	333	Steinb15.txt	548	452	7785	333	Steinb15.txt	529	443	8717	333	Steinb15.txt	525	452	11259	333	Steinb15.txt	523	452	10637	336	Steinb15.txt	532	452	12873	333	Steinb15.txt	547	462	16639	333	Steinb15.txt	537	462	14739	336	Steinb15.txt	501	399	15093	333	Steinb15.txt	540	452	10897	333	Steinb15.txt	532	455	13676	336	Steinb15.txt	517	435	16937	336	Steinb15.txt	545	443	11389	333	Steinb15.txt	545	463	23125	337	Steinb15.txt	529	443	11085	333	Steinb15.txt	531	443	10838	333	Steinb15.txt	509	414	14541	334	Steinb15.txt	547	462	8708	333	Steinb15.txt	553	462	11940	336	Steinb15.txt	518	427	12577	333	Steinb15.txt	542	452	13357	333	Steinb15.txt	521	435	10231	333	Steinb15.txt	558	446	7509	339	Steinb15.txt	539	462	13836	333	Steinb15.txt	549	435	17113	336	Steinb16.txt	566	322	17939	168	Steinb16.txt	566	331	17850	200	Steinb16.txt	560	323	23335	169	Steinb16.txt	569	280	17282	169	Steinb16.txt	458	220	14687	159	Steinb16.txt	548	276	22381	165	Steinb16.txt	582	308	22214	170	Steinb16.txt	526	276	19363	184	Steinb16.txt	559	297	21253	163	Steinb16.txt	533	306	19130	176	Steinb16.txt	479	228	16919	173	Steinb16.txt	517	247	20077	165	Steinb16.txt	577	299	19488	182	Steinb16.txt	565	326	23212	184	Steinb16.txt	481	238	13749	170	Steinb16.txt	565	338	19825	188	Steinb16.txt	508	304	20439	159	Steinb16.txt	535	296	20001	162	Steinb16.txt	560	303	18820	180	Steinb16.txt	580	334	18512	202	Steinb16.txt	564	316	13835	180	Steinb16.txt	566	311	16563	169	Steinb16.txt	528	293	19174	172	Steinb16.txt	568	315	19707	173	Steinb16.txt	542	278	15592	175	Steinb16.txt	530	311	18295	172	Steinb16.txt	571	308	18255	179	Steinb16.txt	538	265	19510	167	Steinb16.txt	570	326	23074	163	Steinb16.txt	515	515	2489	213	Steinb16.txt	546	306	16409	170	Steinb16.txt	552	331	23012	166	Steinb16.txt	538	281	14407	189	Steinb18.txt	515	354	23068	246	Steinb18.txt	555	336	21421	233	Steinb18.txt	568	344	23975	233	Steinb18.txt	545	347	33214	236	Steinb18.txt	583	349	29050	234	Steinb18.txt	519	351	21035	239	Steinb18.txt	540	315	20295	225	Steinb18.txt	596	317	18204	231	Steinb18.txt	548	347	20288	232	Steinb18.txt	546	334	25303	236	Steinb18.txt	520	334	20152	231	Steinb18.txt	591	358	18320	248	Steinb18.txt	581	358	27136	242	Steinb18.txt	553	328	22494	240	Steinb18.txt	537	335	18654	236	Steinb18.txt	569	347	19658	234	Steinb18.txt	538	354	24998	239	Steinb18.txt	559	340	25326	241	Steinb18.txt	574	344	15694	229	Steinb18.txt	537	343	26038	239	Steinb18.txt	564	338	23139	233	Steinb18.txt	556	320	21016	234	Steinb18.txt	566	335	21940	232	Steinb18.txt	594	325	18913	239	Steinb10.txt	394	225	10584	108	Steinb10.txt	397	273	8938	109	Steinb10.txt	422	282	11538	101	Steinb10.txt	422	238	5759	111	Steinb10.txt	364	228	5837	123	Steinb10.txt	416	275	11940	117	Steinb10.txt	405	244	7339	95	Steinb10.txt	390	246	5278	103	Steinb10.txt	401	265	7059	103	Steinb10.txt	403	231	6247	119	Steinb10.txt	411	256	5707	96	Steinb10.txt	344	216	4389	104	Steinb10.txt	379	244	8073	99	Steinb10.txt	365	223	9074	106	Steinb10.txt	406	232	9846	116	Steinb10.txt	417	282	12909	114	Steinb10.txt	417	285	11060	122	Steinb10.txt	391	243	8961	101	Steinb10.txt	360	237	7684	106	Steinb10.txt	382	252	7572	108	Steinb10.txt	402	236	9592	124	Steinb10.txt	355	206	8189	99	Steinb10.txt	415	256	7729	112	Steinb10.txt	388	266	10295	108	Steinb10.txt	398	283	11448	109	Steinb10.txt	411	258	6520	115	Steinb10.txt	406	283	8187	124	Steinb10.txt	368	240	4551	106	Steinb10.txt	435	272	6965	105	Steinb10.txt	426	283	13789	98	Steinb10.txt	407	282	8193	108	Steinb10.txt	427	283	11060	113	Steinb10.txt	414	274	7460	95	Steinb10.txt	439	273	8672	113	Steinb10.txt	392	241	11286	119	Steinb10.txt	409	282	12770	112	Steinb10.txt	381	244	8382	113	Steinb10.txt	385	264	9455	111	Steinb10.txt	433	273	11991	104	Steinb10.txt	275	167	7256	96	Steinb10.txt	428	274	11714	108	Steinb10.txt	406	284	11984	121	Steinb10.txt	417	287	12383	120	Steinb10.txt	412	271	10492	114	Steinb10.txt	366	220	5383	98	Steinb10.txt	395	284	7060	101	Steinb10.txt	397	238	5280	96	Steinb10.txt	401	259	4698	100	Steinb10.txt	434	275	8222	113	Steinb10.txt	418	282	7181	111	Steinb10.txt	391	272	9668	95	Steinb10.txt	409	286	13364	114	Steinb10.txt	410	284	8629	100	Steinb10.txt	378	270	6482	96	Steinb10.txt	431	272	6244	111	Steinb10.txt	382	244	4678	119	Steinb10.txt	308	189	4057	107	Steinb10.txt	291	170	4993	94	Steinb10.txt	397	275	6813	111	Steinb10.txt	446	287	12080	125	Steinb10.txt	395	238	8746	120	Steinb10.txt	412	248	9016	114	Steinb10.txt	402	238	6547	113	Steinb10.txt	362	243	5089	100	Steinb10.txt	411	283	7074	113	Steinb10.txt	414	276	8247	96	Steinb10.txt	395	253	11603	98	Steinb10.txt	416	258	6725	104	Steinb10.txt	431	283	7589	105	Steinb10.txt	443	272	6705	109	Steinb10.txt	403	269	8270	115	Steinb10.txt	336	211	5043	111	Steinb10.txt	346	190	4638	105	Steinb10.txt	433	272	6963	108	Steinb10.txt	410	266	6044	113	Steinb13.txt	561	470	15435	189	Steinb13.txt	522	522	3417	179	Steinb13.txt	552	450	12864	189	Steinb13.txt	575	480	16261	189	Steinb13.txt	505	370	6155	189	Steinb13.txt	555	461	7372	190	Steinb13.txt	580	470	12062	189	Steinb13.txt	569	470	10894	189	Steinb13.txt	580	480	10640	189	Steinb13.txt	419	419	2001	201	Steinb13.txt	541	470	8996	189	Steinb13.txt	547	421	7035	189	Steinb13.txt	553	480	8601	189	Steinb13.txt	585	480	10243	189	Steinb13.txt	521	422	5530	189	Steinb13.txt	497	370	6698	189	Steinb13.txt	549	460	9042	189	Steinb13.txt	576	480	11681	189	Steinb13.txt	588	481	17130	189	Steinb13.txt	553	461	8658	206	Steinb13.txt	532	460	9537	189	Steinb13.txt	537	460	9291	189	Steinb13.txt	570	470	16876	189	Steinb13.txt	563	471	13599	181	Steinb13.txt	570	460	12571	189	Steinb13.txt	580	480	10290	189	Steinb13.txt	548	440	8978	189	Steinb13.txt	539	421	7508	189	Steinb13.txt	530	440	6131	189	Steinb13.txt	504	363	10550	189	Steinb13.txt	540	430	11530	189	Steinb13.txt	503	394	5595	189	
>>>>>>> Stashed changes
